100379650
100379047
100382074
100381096
100381867
100381823
100378974
100381280
100379156
100376252
100380231
100381077
100380632
100381346
100380253
100380170
100380732
100379519
100381495
100381828
100380737
100381792
100381671
100376085
100380748
100376625
100379825
100381659
100379176
100380386
100380813
100379791
100379895
100379548
100380290
100381033
100380946
100379504
100380120
100380185
100380160
100381559
100379159
100380817
100378822
100380288
100381029
100379540
100381315
100379852
100379801
100380864
100380631
100376089
100379125
100380251
100381078
100380620
100380686
100379025
100381326
100381404
100380219
100375776
100374816
100381982
100380118
100376850
100382077
100382197
100382148
100375276
100376118
100382096
100381258
100377429
100382114
100381054
100380467
100375677
100379206
100375480
100380277
100357653
100174851
100380953
100380449
100382173
100382125
100372029
100381635
100380315
100378196
100381542
100379119
100381050
100382001
100093576
100381883
100379863
100374353
100379166
100382113
100377346
100378515
100375311
100374506
100380130
100381270
100381841
100376699
100379006
100065913
100382083
100361683
100381364
100377301
100375767
100378561
100381708
100379185
100379888
100381632
100379643
100380879
100381018
100325247
100381335
100379034
100378118
100376921
100376344
100376011
100376360
100381705
100381344
100379539
100378454
100382080
100381420
100380282
100382101
100377521
100378862
100374436
100380022
100381786
100379506
100380779
100363291
100379777
100378776
100381498
100381071
100380066
100380123
100380978
100379396
100380171
100380559
100381801
100379360
100381446
100380948
100378520
100377869
100379175
100379723
100379778
100378292
100381378
100380242
100378753
100381055
100380958
100379826
100380800
100381046
100381587
100380819
100380855
100380546
100380551
100380019
100380679
100374419
100381185
100380293
100363024
100381314
100380584
100380818
100380550
100379372
100367331
100381606
100379259
100380289
100381490
100381471
100381038
100381239
100380596
100381549
100378062
100361255
100360373
100381610
100379484
100380873
100380652
100381885
100377765
100381952
100381803
100374642
100380330
100061876
100381079
100374149
100380988
100378214
100374348
100381413
100381933
100382196
100373449
100377804
100382178
100376527
100382161
100376671
100380033
100381340
100375092
100382118
100103363
100381159
100381550
100327350
100381140
100377950
100374639
100376144
100375833
100379599
100381968
100380849
100379959
100381345
100380775
100380199
100346200
100381233
100379911
100380905
100381626
100380869
100381158
100382071
100381417
100374453
100381585
100378354
100377153
100379904
100380796
100378898
100381673
100375417
100381922
100331431
100376185
100353250
100380380
100381858
100375098
100373393
100380583
100381737
100377511
100379956
100381296
100381644
100380802
100375455
100381613
100382081
100381732
100374283
100376931
100377885
100380565
100381316
100381259
100381774
100377280
100379855
100379384
100379452
100377259
100375916
100380376
100381780
100381042
100380880
100374575
100381579
100382089
100321859
100377746
100381240
100073739
100379728
100381811
100367626
100379894
100376551
100381921
100374466
100381565
100379600
100380770
100379069
100380110
100381363
100081051
100040886
100381625
100374894
100381357
100373431
100361084
100381473
100381398
100379237
100371944
100380614
100059126
100381638
100380246
100378376
100381319
100380993
100377909
100382075
100377981
100376651
100379808
100380446
100381313
100381684
100382124
100378329
100381469
100379822
100376891
100377514
100381996
100335660
100379497
100379367
100381360
100375906
100380275
100378421
100379934
100381024
100379802
100381599
100381073
100380460
100379170
100378383
100376063
100379963
100379833
100377925
100380044
100378356
100380916
100380685
100380566
100379526
100379951
100380562
100379944
100378180
100378568
100380299
100381612
100379720
100378700
100381069
100382067
100382100
100380350
100381347
100379368
100378347
100375697
100376872
100381568
100378864
100382119
100381690
100377228
100372239
100381311
100381166
100380333
100379407
100381827
100381070
100382115
100380959
100380212
100378082
100381694
100381819
100378090
100380369
100381452
100381380
100381105
100375893
100381294
100379926
100377000
100377282
100366124
100381721
100377900
100380013
100234269
100382051
100381310
100378549
100380465
100380932
100381540
100381850
100381482
100380642
100359567
100377531
100378901
100375357
100374895
100380623
100367718
100381927
100377175
100378579
100377073
100380374
100380093
100378557
100378995
100380702
100378912
100380792
100379187
100381170
100381154
100379324
100003327
100375032
100379011
100381333
100377262
100381089
100366330
100378838
100381796
100381372
100380602
100382180
100377570
100374119
100379681
100380048
100380195
100372968
100025667
100379160
100375712
100381592
100380356
100372664
100381826
100380345
100378642
100380156
100380710
100381695
100379522
100378657
100379320
100376868
100381882
100369555
100382057
100380501
100376184
100375600
100377074
100380718
100381567
100380026
100380499
100381432
100377209
100381919
100378026
100381337
100376566
100376427
100381536
100381521
100379666
100378172
100378248
100380283
100381212
100381793
100375772
100381045
100380630
100377098
100381873
100380999
100378792
100376255
100375106
100378282
100379883
100254091
100376732
100379984
100381667
100381569
100380042
100378768
100380261
100380089
100376188
100377549
100380039
100380703
100381041
100380969
100377414
100379204
100379370
100380852
100381662
100381779
100381500
100369648
100380580
100381687
100381339
100380572
100379028
100381800
100379765
100378807
100380027
100380573
100380230
100378554
100378488
100379045
100379295
100380135
100380122
100379687
100377639
100379924
100380440
100381062
100379054
100380578
100380933
100379286
100379824
100379455
100379928
100379074
100378038
100380638
100378485
100379222
100379665
100380922
100379273
100381252
100380831
100380889
100380956
100379208
100378482
100380756
100374674
100379622
100381080
100381060
100381324
100379525
100048598
100377226
100381097
100381056
100379857
100374234
100377862
100378160
100360130
100374163
100380931
100363986
100381502
100379950
100379862
100381195
100377225
100381651
100373959
100379817
100380102
100377854
100379270
100375464
100380669
100379457
100381210
100382192
100337854
100381086
100381912
100378163
100375868
100023433
100376492
100378598
100374108
100381007
100377780
100283892
100381682
100380877
100376698
100377279
100377860
100280905
100376414
100377363
100376503
100376783
100379026
100382095
100362022
100381225
100030789
100381063
100381986
100378075
100382042
100380007
100380858
100374138
100366713
100380100
100376190
100376557
100367030
100374218
100379701
100378067
100355627
100381470
100380610
100032429
100379305
100377204
100374428
100381385
100298968
100153833
100378155
100370603
100378559
100381707
100046478
100368111
100380719
100374780
100366389
100366931
100379261
100376774
100374325
100380441
100376739
100366392
100083523
100378370
100377191
100377247
100381984
100377856
100374866
100320761
100379695
100375682
100380077
100375844
100378271
100381556
100380843
100379853
100374242
100378578
100376091
100374523
100381066
100376376
100382121
100377902
100382098
100380887
100380400
100378821
100382078
100380168
100381771
100375857
100377573
100380514
100378544
100379453
100379244
100375723
100381094
100381375
100377567
100381814
100381940
100374695
100377504
100379742
100381602
100381915
100367632
100370736
100374969
100380447
100381305
100366813
100115525
100377939
100378373
100378749
100379096
100375956
100374834
100373949
100380063
100381951
100367975
100056665
100366421
100375510
100376390
100378498
100379109
100381450
100382003
100376530
100381126
100377782
100380211
100382176
100080028
100382060
100378273
100381284
100368226
100376170
100379077
100381628
100365747
100379050
100378312
100380455
100053129
100374471
100369281
100376876
100378946
100373613
100356007
100377539
100366802
100377689
100377893
100379753
100348908
100366789
100294983
100382206
100381778
100379464
100381728
100379744
100381348
100379968
100381093
100381164
100381261
100379181
100379708
100379124
100381839
100380554
100379490
100381759
100377082
100380624
100380214
100379153
100381436
100380117
100381211
100378725
100381750
100382142
100376729
100379220
100379354
100105143
100381423
100381156
100381405
100381146
100381001
100382018
100379865
100381937
100294730
100379084
100374801
100380049
100373815
100378899
100381889
100381083
100380747
100379106
100378918
100377694
100378877
100376288
100382088
100381974
100017852
100299191
100380208
100381822
100378874
100381928
100379845
100085849
100010710
100374290
100381475
100022760
100377868
100373305
100380030
100366836
100358142
100378432
100378663
100382008
100368032
100381331
100381784
100376142
100376454
100380310
100379120
100382058
100380723
100378177
100375381
100237330
100382085
100379448
100368148
100368705
100382156
100368248
100017920
100381962
100380233
100382123
100381833
100374775
100377160
100363263
100365164
100378084
100031241
100376737
100375951
100371463
100381121
100374262
100378255
100381926
100249766
100373655
100375477
100369241
100381775
100376731
100365688
100375135
100375604
100380680
100043933
100379544
100382093
100380728
100380476
100013022
100378025
100359417
100378502
100374444
100153815
100380742
100362318
100215786
100370813
100049065
100363674
100374394
100379040
100355975
100375245
100377858
100381866
100011410
100380621
100367945
100272660
100382174
100379545
100380084
100376937
100378008
100362585
100147164
100009787
100374177
100371276
100374340
100382155
100070218
100363117
100365038
100003953
100376013
100380151
100372802
100381513
100130527
100363373
100035987
100376803
100049726
100381730
100365597
100382179
100181933
100332374
100020258
100380164
100377931
100373791
100381607
100376582
100059586
100375352
100140963
100380357
100382056
100374176
100378202
100000361
100022917
100061004
100374113
100379569
100366535
100381713
100012381
100381231
100375851
100376115
100379914
100380472
100366849
100381293
100380484
100377991
100378275
100089343
100374105
100373139
100379030
100366661
100371497
100371921
100374405
100376657
100382187
100109974
100339533
100379219
100171364
100381902
100375496
100381558
100278911
100101091
100375350
100045987
100371696
100381729
100381249
100381023
100372607
100229572
100369439
100378444
100380164
100382092
100381862
100380260
100379121
100378184
100381516
100380712
100380556
100378529
100381267
100380452
100378000
100380874
100379945
100375413
100381040
100382120
100381443
100377334
100381120
100381177
100380342
100381854
100381566
100378375
100380361
100381777
100377838
100381570
100381825
100031172
100369827
100376716
100367935
100382182
100379958
100374193
100374112
100056076
100378204
100382059
100048470
100381950
100096755
100381757
100203231
100146340
100381382
100378208
100374839
100378295
100376506
100382086
100376999
100379101
100376647
100380466
100381637
100380647
100382039
100023200
100370665
100376941
100378468
100377387
100360724
100371648
100360700
100089536
100377289
100018245
100376351
100172138
100376785
100109956
100377007
100381808
100375223
100379566
100377562
100381769
100141314
100352643
100377734
100371375
100364441
100379625
100373742
100377705
100379755
100268105
100378244
100325454
100366669
100381571
100073446
100102879
100380673
100381444
100379843
100382201
100382021
100375293
100362840
100367980
100010987
100378962
100376090
100376747
100376391
100051625
100377796
100381173
100375691
100378093
100377506
100382193
100381522
100382160
100380789
100381308
100379873
100064162
100381487
100380196
100380323
100368916
100374773
100378910
100381654
100381309
100381245
100378939
100379560
100376851
100379558
100378427
100381290
100381733
100380519
100378788
100381232
100380951
100379872
100377097
100381422
100381835
100380830
100380564
100380714
100380823
100382047
100382175
100373348
100377882
100086599
100381107
100140364
100123676
100376762
100380555
100375194
100327005
100366131
100382049
100375606
100376686
100374465
100379925
100382164
100097939
100381594
100228634
100375030
100377552
100111133
100379747
100377290
100381139
100375404
100381535
100381709
100381118
100374581
100379363
100381396
100379505
100380617
100380215
100380751
100381688
100376486
100380558
100381241
100381376
100380952
100380284
100332839
100378391
100377638
100379100
100379917
100378186
100379842
100380773
100378709
100378769
100378754
100379179
100380612
100377721
100381329
100323428
100379572
100379638
100382054
100378648
100379877
100381663
100377240
100376161
100381894
100375963
100381401
100377556
100376842
100381879
100381609
100381809
100378630
100379192
100379393
100377089
100381222
100328543
100381178
100381087
100380037
100014559
100381350
100369254
100376143
100377439
100374301
100024731
100367200
100381019
100378220
100068096
100380265
100376405
100381674
100307245
100380134
100078705
100382145
100381373
100381285
100011149
100378094
100382068
100381531
100378287
100382005
100369564
100378639
100375555
100380538
100376709
100379812
100366561
100381977
100381725
100375681
100382128
100188146
100377971
100378217
100379798
100378258
100379381
100365252
100377257
100180206
100381691
100163676
100380651
100376064
100366873
100382143
100153862
100381057
100381815
100374619
100368713
100092401
100381603
100381636
100366665
100380234
100326182
100314437
100379584
100382171
100378570
100381369
100380670
100377426
100381711
100027940
100337093
100381614
100377711
100378526
100376462
100381891
100382112
100376277
100375445
100382040
100378108
100376263
100327293
100374539
100378707
100381462
100377344
100373468
100380886
100377406
100341692
100381494
100380332
100010804
100380840
100381323
100381932
100375847
100381700
100381438
100375877
100381838
100362116
100375515
100304386
100381463
100382105
100379571
100353748
100381491
100366907
100381391
100380637
100381703
100379807
100380955
100376789
100377124
100382122
100379834
100382019
100372690
100370037
100020050
100375922
100382207
100052613
100378563
100370901
100110687
100376159
100367481
100375880
100099847
100375702
100360723
100382162
100375111
100116951
100375905
100079740
100382034
100378386
100380296
100380984
100377203
100092121
100377671
100381451
100368927
100381789
100375637
100376354
100358892
100363355
100370623
100371863
100375488
100378786
100366751
100374124
100379632
100374995
100135502
100001971
100374182
100377757
100375594
100375193
100011633
100044182
100028689
100375002
100380397
100374614
100376383
100379512
100380431
100130538
100378049
100181440
100375618
100380727
100034695
100377125
100374326
100341756
100379524
100377213
100377236
100381520
100372957
100172286
100012397
100173021
100376453
100374973
100378593
100377484
100018014
100056904
100357107
100374459
100066689
100374256
100376538
100378259
100368590
100381064
100141782
100381869
100380755
100382126
100380304
100374714
100380316
100367858
100380822
100381136
100156219
100382031
100366685
100378771
100381963
100370004
100369006
100000972
100378746
100378272
100131378
100369189
100281039
100000597
100000465
100374902
100379186
100377584
100376859
100375617
100379029
100377418
100380249
100141721
100375823
100378367
100009740
100374121
100374483
100381843
100369240
100002080
100379697
100379785
100380921
100373792
100374794
100377101
100124571
100363817
100378089
100379459
100032602
100376221
100085169
100359036
100381235
100375778
100181440
100372755
100370788
100375132
100001603
100358662
100330770
100378828
100377548
100377870
100380174
100053581
100089759
100373535
100379169
100379836
100377184
100376072
100361106
100358356
100379786
100364396
100374855
100379495
100014236
100376531
100377476
100334189
100000795
100366178
100379703
100365618
100381842
100367593
100380949
100379207
100374192
100380927
100369542
100377767
100381944
100380343
100035747
100375204
100371071
100366586
100376216
100374273
100378863
100380107
100368004
100375870
100377923
100373261
100381288
100380589
100302149
100369084
100044259
100324030
100379337
100377693
100382165
100364022
100381300
100302068
100381722
100374377
100374686
100378140
100381477
100378257
100378601
100376970
100356505
100378743
100362914
100271071
100380735
100357991
100191563
100374985
100012152
100108024
100374584
100376544
100378102
100372922
100364706
100089343
100378247
100369016
100379527
100380239
100372017
100023043
100364358
100381015
100374201
100375039
100382208
100377650
100258391
100381785
100378560
100382041
100372075
100377161
100381608
100382014
100379007
100376180
100374350
100382195
100089481
100380307
100376817
100376652
100379621
100177963
100381036
100379957
100375077
100376720
100381400
100362504
100000641
100380740
100367057
100377017
100056802
100374505
100002171
100312479
100378065
100375505
100374323
100379302
100377477
100375229
100292999
100381525
100367640
100377212
100378949
100026835
100380893
100376044
100379051
100361546
100382137
100381683
100381067
100379113
100162371
100380695
100381268
100378223
100375616
100380155
100377793
100329733
100378986
100375320
100094492
100381548
100380017
100380633
100372708
100379318
100380839
100382134
100376523
100380709
100025490
100373186
100381440
100377697
100379451
100378127
100369929
100374625
100379789
100363756
100379542
100373419
100002436
100381320
100019589
100380149
100381620
100003120
100379684
100378913
100366943
100378813
100381731
100381304
100382111
100381870
100382048
100374953
100379114
100378439
100376084
100380396
100305569
100380432
100359909
100374086
100374836
100366348
100378565
100377342
100047502
100378317
100380216
100381908
100361584
100378078
100010898
100367362
100376700
100379878
100379154
100381545
100120148
100003571
100093254
100379751
100379543
100376463
100366560
100380588
100379713
100376379
100064441
100374552
100082529
100368802
100376901
100380982
100376744
100367493
100381099
100380078
100378426
100380799
100374596
100378319
100374048
100378916
100381002
100378977
100382072
100382204
100379210
100370350
100378595
100374987
100375845
100373084
100379940
100216703
100373642
100379164
100002031
100381860
100376449
100381021
100375048
100377155
100375506
100378996
100362505
100363136
100354823
100333276
100360660
100024177
100381706
100375764
100379679
100134619
100379715
100016279
100368685
100375169
100375531
100380140
100379111
100375705
100374720
100378164
100378509
100378888
100032535
100095106
100059896
100380929
100360947
100376222
100381478
100382003
100365609
100381037
100130346
100379530
100042291
100053898
100380090
100380957
100376422
100378015
100375315
100380736
100375295
100379296
100361549
100374749
100381859
100376779
100081447
100382102
100221459
100380729
100371962
100381134
100377059
100177159
100374398
100244880
100264721
100364282
100377210
100374598
100379682
100381954
100225768
100376735
100378955
100376000
100381581
100098227
100375101
100378867
100360859
100379281
100369934
100374189
100376367
100377797
100095742
100375806
100381892
100172660
100374135
100374741
100375974
100377699
100381745
100373659
100377094
100379781
100376262
100378280
100380073
100381964
100313539
100375470
100381861
100046092
100373500
100376607
100377489
100372003
100380152
100378446
100381287
100377195
100380116
100381065
100375259
100377663
100380672
100374698
100375997
100375534
100368959
100380420
100003709
100032317
100379545
100377675
100380285
100377846
100029975
100377043
100382138
100379346
100380488
100380644
100113688
100377591
100377396
100381583
100071291
100381965
100379328
100379875
100089257
100358720
100377288
100365238
100380496
100031506
100099291
100381172
100360953
100000497
100323144
100375514
100377091
100381948
100369704
100204836
100374363
100230469
100365801
100376642
100375411
100374991
100377249
100362624
100379523
100382091
100374572
100278630
100371887
100376341
100362285
100376021
100381208
100378759
100376494
100368124
100374684
100375529
100378453
100289616
100365280
100153311
100367241
100377260
100374107
100376565
100376981
100160060
100370555
100377930
100375248
100356607
100373543
100374069
100381949
100106200
100381552
100380881
100377379
100000744
100380217
100376082
100373984
100375057
100377180
100374667
100382146
100379048
100379689
100374384
100380147
100020272
100362382
100370012
100381961
100374609
100043064
100333051
100377364
100381025
100065361
100250689
100375528
100369748
100375548
100377842
100371205
100316407
100359245
100030283
100120333
100056733
100379657
100380302
100382050
100000510
100315023
100382061
100273892
100035050
100374565
100380349
100017848
